<?xml version="1.0"?>
<opencv_storage>
<calibration_Time>"sam. 14 janv. 2017 17:34:05 CET"</calibration_Time>
<nrOfFrames>25</nrOfFrames>
<image_Width>320</image_Width>
<image_Height>240</image_Height>
<board_Width>10</board_Width>
<board_Height>7</board_Height>
<square_Size>50.</square_Size>
<FixAspectRatio>1.</FixAspectRatio>
<!-- flags:  +fix_aspectRatio +fix_principal_point +zero_tangent_dist -->
<flagValue>14</flagValue>
<Camera_Matrix type_id="opencv-matrix">
  <rows>3</rows>
  <cols>3</cols>
  <dt>d</dt>
  <data>
    1.6746769360550081e+02 0. 1.5950000000000000e+02 0.
    1.6746769360550081e+02 1.1950000000000000e+02 0. 0. 1.</data></Camera_Matrix>
<Distortion_Coefficients type_id="opencv-matrix">
  <rows>5</rows>
  <cols>1</cols>
  <dt>d</dt>
  <data>
    -6.5973402119077294e-03 -5.7658283669461641e-01 0. 0.
    7.3403490477503908e-01</data></Distortion_Coefficients>
<Avg_Reprojection_Error>6.7156909920851671e-01</Avg_Reprojection_Error>
<Per_View_Reprojection_Errors type_id="opencv-matrix">
  <rows>25</rows>
  <cols>1</cols>
  <dt>f</dt>
  <data>
    7.11010814e-01 7.23323405e-01 7.30680585e-01 7.37640202e-01
    7.29918063e-01 7.34233081e-01 7.33274043e-01 7.32708514e-01
    7.35896051e-01 7.45871544e-01 7.37301707e-01 7.39055336e-01
    6.11066341e-01 6.05629981e-01 6.09490335e-01 5.95754921e-01
    6.08623445e-01 6.19503260e-01 6.14634275e-01 6.20001495e-01
    6.18120193e-01 6.06539607e-01 6.17097676e-01 6.08282030e-01
    5.92043340e-01</data></Per_View_Reprojection_Errors>
<!-- a set of 6-tuples (rotation vector + translation vector) for each view -->
<Extrinsic_Parameters type_id="opencv-matrix">
  <rows>25</rows>
  <cols>6</cols>
  <dt>d</dt>
  <data>
    -1.6517774369293567e-01 1.8522177626441047e-01
    -3.0834508488869337e+00 1.8814284510272614e+02
    1.7949624325035563e+02 4.2518827785895417e+02
    -1.8652330978124906e-01 1.7268126743178544e-01
    -3.0913443566916898e+00 2.1068232727617479e+02
    1.8933418921033751e+02 4.2007877256238260e+02
    -1.8978654082994842e-01 1.7538548544212212e-01
    -3.1028586610307900e+00 2.1937431971916789e+02
    1.7744342555729045e+02 4.1062017918695841e+02
    -1.4723612247400811e-01 1.4800008751362062e-01
    -3.1112294693577667e+00 2.2568556395523973e+02
    1.7205840445603997e+02 4.2453283557052646e+02
    -1.5156886557259350e-01 1.4376394879703752e-01
    -3.1169817744657839e+00 2.3349400652325093e+02
    1.5398142908726376e+02 4.2013448207133996e+02
    -1.3690649315362891e-01 1.3449116564954874e-01
    -3.1247319324721214e+00 2.4811202725830063e+02
    1.6600948181030628e+02 4.2159152538656372e+02
    -1.0791288433928439e-01 1.4195613967738835e-01
    -3.1271255000407834e+00 2.4657685974162519e+02
    1.6280629027754023e+02 4.2758002841190864e+02
    -7.1111233433552037e-02 1.4546140811796546e-01
    -3.1311367639470182e+00 2.4804618253521062e+02
    1.6152548618271399e+02 4.3353228785500721e+02
    -2.8947016430992498e-02 1.5682973992665447e-01
    -3.1334170423009575e+00 2.4820914316376502e+02
    1.5714687492071786e+02 4.3999330370918597e+02
    -8.0294606277150505e-03 1.5815968678391490e-01
    -3.1366962506421081e+00 2.4806552738053281e+02
    1.5824013439173808e+02 4.4322065561884261e+02
    -9.1550151958585679e-03 1.5359088440180002e-01
    -3.1382450342885195e+00 2.4480577895627485e+02
    1.5865005191453020e+02 4.4261622354699665e+02 2.6319936282728794e-02
    -1.5613533539854657e-01 3.1355919292122896e+00
    2.4147006491440450e+02 1.6053697144912829e+02 4.3827271930856494e+02
    3.6177584938539724e-02 4.7028436434309387e-02
    -1.5552154088073893e+00 -1.6575080171761027e+02
    2.2735038508505227e+02 4.6154380503112691e+02 3.8133176571019077e-02
    3.8510637994231219e-02 -1.5570951937616289e+00
    -1.5520242907840628e+02 2.2367999324528546e+02
    4.6165388601991827e+02 3.7249768212153180e-02 4.0560059225791006e-02
    -1.5565047963767611e+00 -1.4886349227915369e+02
    2.2101816100364510e+02 4.5647311324575475e+02 3.6698688233611214e-02
    4.2783751350572261e-02 -1.5554041040563173e+00
    -1.4580312270774667e+02 2.1729033145270719e+02
    4.5569922744929829e+02 3.5643093141526257e-02 4.5549920341910875e-02
    -1.5545447294992984e+00 -1.4346719161046659e+02
    2.1651426115086869e+02 4.5497466825061474e+02 4.0460612567934276e-02
    4.7789909616775705e-02 -1.5542920801642350e+00
    -1.4433654368082455e+02 2.1603233773316850e+02
    4.5387904474770397e+02 4.3777272814337929e-02 4.8556530616153781e-02
    -1.5546438343351763e+00 -1.4485556207453152e+02
    2.1410896050375212e+02 4.5412536856446684e+02 4.4417534717789565e-02
    4.8357455002097378e-02 -1.5537834400937531e+00
    -1.4676496061527200e+02 2.1706376899701797e+02
    4.5369320545022305e+02 4.2839810637795059e-02 4.6260729522085133e-02
    -1.5537344837183455e+00 -1.4797874722963994e+02
    2.2266178518796102e+02 4.5267098107235955e+02 4.1067551669769782e-02
    4.5093637542395405e-02 -1.5521521666675846e+00
    -1.5034690671471546e+02 2.2486135688444105e+02
    4.5248353439273205e+02 3.9298620454194765e-02 4.4422125898676071e-02
    -1.5531979256330584e+00 -1.5004728348871126e+02
    2.2533070169691999e+02 4.5217652276473029e+02 3.9101633551295568e-02
    4.2944044396541266e-02 -1.5532165252601260e+00
    -1.4909832506608643e+02 2.2571699352275783e+02
    4.5256367363871328e+02 3.9510514651518260e-02 4.0819611586126375e-02
    -1.5540205755529006e+00 -1.5050912522892378e+02
    2.2804634667215024e+02 4.5378440330281740e+02</data></Extrinsic_Parameters>
