<?xml version="1.0"?>
<opencv_storage>
<images>
  rsc/video_calib_1/in2_17-01-06_16.52.30.140.jpg
  rsc/video_calib_1/in2_17-01-06_16.52.32.812.jpg
  rsc/video_calib_1/in2_17-01-06_16.52.56.040.jpg
  rsc/video_calib_1/in2_17-01-06_16.52.56.245.jpg</images>
</opencv_storage>
