<?xml version="1.0"?>
<opencv_storage>
<images>
  rsc/video_calib_1/in2_17-01-06_16.52.23.585.jpg
  rsc/video_calib_1/in2_17-01-06_16.52.23.769.jpg
  rsc/video_calib_1/in2_17-01-06_16.52.23.975.jpg
  rsc/video_calib_1/in2_17-01-06_16.52.24.179.jpg
  rsc/video_calib_1/in2_17-01-06_16.52.24.385.jpg
  rsc/video_calib_1/in2_17-01-06_16.52.24.590.jpg
  rsc/video_calib_1/in2_17-01-06_16.52.24.796.jpg
  rsc/video_calib_1/in2_17-01-06_16.52.25.002.jpg
  rsc/video_calib_1/in2_17-01-06_16.52.25.207.jpg
  rsc/video_calib_1/in2_17-01-06_16.52.25.413.jpg
  rsc/video_calib_1/in2_17-01-06_16.52.25.618.jpg
  rsc/video_calib_1/in2_17-01-06_16.52.25.824.jpg
  rsc/video_calib_1/in2_17-01-06_16.52.26.029.jpg
  rsc/video_calib_1/in2_17-01-06_16.52.26.235.jpg
  rsc/video_calib_1/in2_17-01-06_16.52.26.441.jpg
  rsc/video_calib_1/in2_17-01-06_16.52.26.646.jpg
  rsc/video_calib_1/in2_17-01-06_16.52.26.851.jpg
  rsc/video_calib_1/in2_17-01-06_16.52.27.057.jpg
  rsc/video_calib_1/in2_17-01-06_16.52.27.263.jpg
  rsc/video_calib_1/in2_17-01-06_16.52.27.468.jpg
  rsc/video_calib_1/in2_17-01-06_16.52.27.674.jpg
  rsc/video_calib_1/in2_17-01-06_16.52.27.879.jpg
  rsc/video_calib_1/in2_17-01-06_16.52.28.085.jpg
  rsc/video_calib_1/in2_17-01-06_16.52.28.290.jpg
  rsc/video_calib_1/in2_17-01-06_16.52.28.496.jpg
  rsc/video_calib_1/in2_17-01-06_16.52.28.701.jpg
  rsc/video_calib_1/in2_17-01-06_16.52.28.907.jpg
  rsc/video_calib_1/in2_17-01-06_16.52.29.113.jpg
  rsc/video_calib_1/in2_17-01-06_16.52.29.318.jpg
  rsc/video_calib_1/in2_17-01-06_16.52.29.524.jpg
  rsc/video_calib_1/in2_17-01-06_16.52.29.729.jpg
  rsc/video_calib_1/in2_17-01-06_16.52.29.935.jpg
  rsc/video_calib_1/in2_17-01-06_16.52.30.140.jpg
  rsc/video_calib_1/in2_17-01-06_16.52.30.346.jpg
  rsc/video_calib_1/in2_17-01-06_16.52.30.551.jpg
  rsc/video_calib_1/in2_17-01-06_16.52.30.757.jpg
  rsc/video_calib_1/in2_17-01-06_16.52.30.963.jpg
  rsc/video_calib_1/in2_17-01-06_16.52.31.168.jpg
  rsc/video_calib_1/in2_17-01-06_16.52.31.374.jpg
  rsc/video_calib_1/in2_17-01-06_16.52.31.579.jpg
  rsc/video_calib_1/in2_17-01-06_16.52.31.785.jpg
  rsc/video_calib_1/in2_17-01-06_16.52.31.990.jpg
  rsc/video_calib_1/in2_17-01-06_16.52.32.196.jpg
  rsc/video_calib_1/in2_17-01-06_16.52.32.401.jpg
  rsc/video_calib_1/in2_17-01-06_16.52.32.607.jpg
  rsc/video_calib_1/in2_17-01-06_16.52.32.812.jpg
  rsc/video_calib_1/in2_17-01-06_16.52.33.018.jpg
  rsc/video_calib_1/in2_17-01-06_16.52.33.224.jpg
  rsc/video_calib_1/in2_17-01-06_16.52.33.429.jpg
  rsc/video_calib_1/in2_17-01-06_16.52.33.635.jpg
  rsc/video_calib_1/in2_17-01-06_16.52.33.840.jpg
  rsc/video_calib_1/in2_17-01-06_16.52.34.046.jpg
  rsc/video_calib_1/in2_17-01-06_16.52.34.251.jpg
  rsc/video_calib_1/in2_17-01-06_16.52.34.457.jpg
  rsc/video_calib_1/in2_17-01-06_16.52.34.662.jpg
  rsc/video_calib_1/in2_17-01-06_16.52.34.868.jpg
  rsc/video_calib_1/in2_17-01-06_16.52.35.074.jpg
  rsc/video_calib_1/in2_17-01-06_16.52.35.279.jpg
  rsc/video_calib_1/in2_17-01-06_16.52.35.485.jpg
  rsc/video_calib_1/in2_17-01-06_16.52.35.690.jpg
  rsc/video_calib_1/in2_17-01-06_16.52.35.896.jpg
  rsc/video_calib_1/in2_17-01-06_16.52.36.101.jpg
  rsc/video_calib_1/in2_17-01-06_16.52.36.307.jpg
  rsc/video_calib_1/in2_17-01-06_16.52.36.512.jpg
  rsc/video_calib_1/in2_17-01-06_16.52.36.718.jpg
  rsc/video_calib_1/in2_17-01-06_16.52.36.924.jpg
  rsc/video_calib_1/in2_17-01-06_16.52.37.129.jpg
  rsc/video_calib_1/in2_17-01-06_16.52.37.334.jpg
  rsc/video_calib_1/in2_17-01-06_16.52.37.544.jpg
  rsc/video_calib_1/in2_17-01-06_16.52.37.747.jpg
  rsc/video_calib_1/in2_17-01-06_16.52.37.951.jpg
  rsc/video_calib_1/in2_17-01-06_16.52.38.157.jpg
  rsc/video_calib_1/in2_17-01-06_16.52.38.362.jpg
  rsc/video_calib_1/in2_17-01-06_16.52.38.568.jpg
  rsc/video_calib_1/in2_17-01-06_16.52.38.773.jpg
  rsc/video_calib_1/in2_17-01-06_16.52.38.979.jpg
  rsc/video_calib_1/in2_17-01-06_16.52.39.185.jpg
  rsc/video_calib_1/in2_17-01-06_16.52.39.390.jpg
  rsc/video_calib_1/in2_17-01-06_16.52.39.596.jpg
  rsc/video_calib_1/in2_17-01-06_16.52.39.801.jpg
  rsc/video_calib_1/in2_17-01-06_16.52.40.007.jpg
  rsc/video_calib_1/in2_17-01-06_16.52.40.212.jpg
  rsc/video_calib_1/in2_17-01-06_16.52.40.418.jpg
  rsc/video_calib_1/in2_17-01-06_16.52.40.624.jpg
  rsc/video_calib_1/in2_17-01-06_16.52.40.829.jpg
  rsc/video_calib_1/in2_17-01-06_16.52.41.035.jpg
  rsc/video_calib_1/in2_17-01-06_16.52.41.240.jpg
  rsc/video_calib_1/in2_17-01-06_16.52.41.446.jpg
  rsc/video_calib_1/in2_17-01-06_16.52.41.651.jpg
  rsc/video_calib_1/in2_17-01-06_16.52.41.857.jpg
  rsc/video_calib_1/in2_17-01-06_16.52.42.062.jpg
  rsc/video_calib_1/in2_17-01-06_16.52.42.268.jpg
  rsc/video_calib_1/in2_17-01-06_16.52.42.474.jpg
  rsc/video_calib_1/in2_17-01-06_16.52.42.679.jpg
  rsc/video_calib_1/in2_17-01-06_16.52.42.884.jpg
  rsc/video_calib_1/in2_17-01-06_16.52.43.090.jpg
  rsc/video_calib_1/in2_17-01-06_16.52.43.296.jpg
  rsc/video_calib_1/in2_17-01-06_16.52.43.501.jpg
  rsc/video_calib_1/in2_17-01-06_16.52.43.707.jpg
  rsc/video_calib_1/in2_17-01-06_16.52.43.912.jpg
  rsc/video_calib_1/in2_17-01-06_16.52.44.118.jpg
  rsc/video_calib_1/in2_17-01-06_16.52.44.323.jpg
  rsc/video_calib_1/in2_17-01-06_16.52.44.529.jpg
  rsc/video_calib_1/in2_17-01-06_16.52.44.735.jpg
  rsc/video_calib_1/in2_17-01-06_16.52.44.940.jpg
  rsc/video_calib_1/in2_17-01-06_16.52.45.146.jpg
  rsc/video_calib_1/in2_17-01-06_16.52.45.352.jpg
  rsc/video_calib_1/in2_17-01-06_16.52.45.557.jpg
  rsc/video_calib_1/in2_17-01-06_16.52.45.762.jpg
  rsc/video_calib_1/in2_17-01-06_16.52.45.968.jpg
  rsc/video_calib_1/in2_17-01-06_16.52.46.173.jpg
  rsc/video_calib_1/in2_17-01-06_16.52.46.379.jpg
  rsc/video_calib_1/in2_17-01-06_16.52.46.584.jpg
  rsc/video_calib_1/in2_17-01-06_16.52.46.790.jpg
  rsc/video_calib_1/in2_17-01-06_16.52.46.996.jpg
  rsc/video_calib_1/in2_17-01-06_16.52.47.201.jpg
  rsc/video_calib_1/in2_17-01-06_16.52.47.407.jpg
  rsc/video_calib_1/in2_17-01-06_16.52.47.612.jpg
  rsc/video_calib_1/in2_17-01-06_16.52.47.818.jpg
  rsc/video_calib_1/in2_17-01-06_16.52.48.023.jpg
  rsc/video_calib_1/in2_17-01-06_16.52.48.229.jpg
  rsc/video_calib_1/in2_17-01-06_16.52.48.434.jpg
  rsc/video_calib_1/in2_17-01-06_16.52.48.640.jpg
  rsc/video_calib_1/in2_17-01-06_16.52.48.845.jpg
  rsc/video_calib_1/in2_17-01-06_16.52.49.051.jpg
  rsc/video_calib_1/in2_17-01-06_16.52.49.256.jpg
  rsc/video_calib_1/in2_17-01-06_16.52.49.462.jpg
  rsc/video_calib_1/in2_17-01-06_16.52.49.668.jpg
  rsc/video_calib_1/in2_17-01-06_16.52.49.873.jpg
  rsc/video_calib_1/in2_17-01-06_16.52.50.079.jpg
  rsc/video_calib_1/in2_17-01-06_16.52.50.285.jpg
  rsc/video_calib_1/in2_17-01-06_16.52.50.490.jpg
  rsc/video_calib_1/in2_17-01-06_16.52.50.695.jpg
  rsc/video_calib_1/in2_17-01-06_16.52.50.901.jpg
  rsc/video_calib_1/in2_17-01-06_16.52.51.106.jpg
  rsc/video_calib_1/in2_17-01-06_16.52.51.312.jpg
  rsc/video_calib_1/in2_17-01-06_16.52.51.518.jpg
  rsc/video_calib_1/in2_17-01-06_16.52.51.723.jpg
  rsc/video_calib_1/in2_17-01-06_16.52.51.929.jpg
  rsc/video_calib_1/in2_17-01-06_16.52.52.134.jpg
  rsc/video_calib_1/in2_17-01-06_16.52.52.340.jpg
  rsc/video_calib_1/in2_17-01-06_16.52.52.545.jpg
  rsc/video_calib_1/in2_17-01-06_16.52.52.751.jpg
  rsc/video_calib_1/in2_17-01-06_16.52.52.956.jpg
  rsc/video_calib_1/in2_17-01-06_16.52.53.162.jpg
  rsc/video_calib_1/in2_17-01-06_16.52.53.367.jpg
  rsc/video_calib_1/in2_17-01-06_16.52.53.573.jpg
  rsc/video_calib_1/in2_17-01-06_16.52.53.778.jpg
  rsc/video_calib_1/in2_17-01-06_16.52.53.984.jpg
  rsc/video_calib_1/in2_17-01-06_16.52.54.190.jpg
  rsc/video_calib_1/in2_17-01-06_16.52.54.395.jpg
  rsc/video_calib_1/in2_17-01-06_16.52.54.601.jpg
  rsc/video_calib_1/in2_17-01-06_16.52.54.806.jpg
  rsc/video_calib_1/in2_17-01-06_16.52.55.012.jpg
  rsc/video_calib_1/in2_17-01-06_16.52.55.218.jpg
  rsc/video_calib_1/in2_17-01-06_16.52.55.423.jpg
  rsc/video_calib_1/in2_17-01-06_16.52.55.629.jpg
  rsc/video_calib_1/in2_17-01-06_16.52.55.834.jpg
  rsc/video_calib_1/in2_17-01-06_16.52.56.040.jpg
